   0.0000000e+00
   3.3310000e-03
   3.2862000e-02
   2.4000000e-03
  -3.7780000e-03
   2.4874000e-02
   2.1499000e-02
   3.0949000e-02
   1.9479000e-02
   1.3533000e-02
   2.7762000e-02
   3.3100000e-03
   2.1580000e-03
  -5.2540000e-03
   3.6985000e-02
   4.8040000e-02
   2.7586000e-02
   2.7260000e-03
  -5.9450000e-03
   3.0000000e-04
   1.7285000e-02
  -3.0400000e-03
  -5.7890000e-03
  -3.4740000e-03
   2.9968000e-02
  -8.7100000e-03
   3.4180000e-02
   3.4920000e-02
   1.2826000e-02
   1.6584000e-02
   2.4574000e-02
   2.5709000e-02
   5.1952000e-02
   3.8078000e-02
   2.8843000e-02
   5.3162000e-02
   6.3251000e-02
   2.1752000e-02
   7.1778000e-02
   3.8048000e-02
   2.5774000e-02
   6.1184000e-02
   8.1004000e-02
   8.5242000e-02
   6.1776000e-02
   8.2178000e-02
   7.1848000e-02
   7.3669000e-02
   9.8429000e-02
   8.6648000e-02
   1.0144700e-01
   9.6898000e-02
   8.1637000e-02
   1.0424400e-01
   9.6042000e-02
   8.1949000e-02
   1.0848200e-01
   1.0841600e-01
   1.0344400e-01
   1.1732700e-01
   1.0515100e-01
   1.5332600e-01
   1.0013000e-01
   1.0464100e-01
   1.5036300e-01
   1.2454000e-01
   1.3035100e-01
   1.3414800e-01
   1.6287600e-01
   1.5408800e-01
   1.6411400e-01
   1.2977700e-01
   1.3500000e-01
   1.7146500e-01
   1.4142000e-01
   2.0684800e-01
   1.8529800e-01
   2.0543500e-01
   1.5962500e-01
   2.0122500e-01
   2.0477300e-01
   2.1966300e-01
   1.9972100e-01
   1.8748800e-01
   2.0239700e-01
   2.0989400e-01
   2.1759900e-01
   2.2384000e-01
   2.3590000e-01
   2.7041100e-01
   2.2724300e-01
   2.3454600e-01
   2.7843800e-01
   2.9463900e-01
   2.4735000e-01
   2.3285500e-01
   2.7667200e-01
   2.6192400e-01
   2.7685700e-01
   2.8127300e-01
   2.9293700e-01
   2.7130100e-01
   3.0124700e-01
   2.9550800e-01
   2.8301100e-01
   3.0982300e-01
   3.0010800e-01
   3.6855500e-01
   3.2788800e-01
   3.3050300e-01
   3.3342100e-01
   3.4032000e-01
   3.6708400e-01
   3.2994400e-01
   3.4512900e-01
   3.7919900e-01
   3.7557200e-01
   3.7001600e-01
   4.0034600e-01
   3.8200500e-01
   4.0430100e-01
   3.9413500e-01
   4.2855100e-01
   4.1828000e-01
   4.2075300e-01
   4.0165400e-01
   4.1378600e-01
   4.3258700e-01
   4.3646000e-01
   4.1405800e-01
   4.4716900e-01
   4.5389700e-01
   4.2498600e-01
   4.4048800e-01
   4.8842700e-01
   4.6142700e-01
   4.5746400e-01
   4.7556700e-01
   5.0728000e-01
   4.9959700e-01
   4.6174700e-01
   4.9497800e-01
   4.8376600e-01
   5.0535700e-01
   4.9013600e-01
   5.3754500e-01
   5.4910700e-01
   5.5188600e-01
   5.6015200e-01
   5.6989800e-01
   5.4226600e-01
   5.5303100e-01
   5.4461500e-01
   5.4103000e-01
   5.6360700e-01
   5.6333600e-01
   5.9138900e-01
   5.9032400e-01
   6.0938700e-01
   5.9306700e-01
   6.1966300e-01
   6.2325800e-01
   5.9942400e-01
   6.0020800e-01
   6.0010200e-01
   6.3333700e-01
   6.5132900e-01
   6.6428400e-01
   6.4586400e-01
   6.6115000e-01
   6.3723500e-01
   7.0908200e-01
   6.7344700e-01
   6.9839100e-01
   6.7237900e-01
   6.9650900e-01
   7.2619500e-01
   6.9707400e-01
   7.3097500e-01
   7.0985500e-01
   7.4568900e-01
   7.4936200e-01
   7.4552300e-01
   7.8283500e-01
   7.3383200e-01
   7.7482000e-01
   8.0123800e-01
   7.8360600e-01
   7.9628900e-01
   7.8802700e-01
   8.1160400e-01
   7.7440000e-01
   7.9146200e-01
   7.9841800e-01
   8.0381200e-01
   8.6754600e-01
   8.6309300e-01
   8.3126300e-01
   8.5481500e-01
   8.2713500e-01
   8.4885900e-01
   8.6192100e-01
   8.7797900e-01
   8.9892600e-01
   8.9577500e-01
   8.9181600e-01
   9.1869100e-01
   9.0193300e-01
   9.2195300e-01
   9.5075000e-01
   9.0515900e-01
   9.2601800e-01
   9.2110700e-01
   9.1798300e-01
   9.6596000e-01
   9.4885100e-01
   9.3518100e-01
   9.5264500e-01
   9.9173500e-01
   9.9271700e-01
   9.9053300e-01
   9.6946800e-01
   9.9324800e-01
   9.9258000e-01
   1.0364400e+00
   1.0104760e+00
   1.0415660e+00
   1.0617990e+00
   1.0625200e+00
   1.0574490e+00
   1.0329720e+00
   1.0981770e+00
   1.0455630e+00
   1.0624390e+00
   1.0798820e+00
   1.0988410e+00
   1.0977400e+00
   1.0868530e+00
   1.0903340e+00
   1.0886990e+00
   1.1134880e+00
   1.1216080e+00
   1.1306140e+00
   1.1333240e+00
   1.1543010e+00
   1.1504770e+00
   1.1498660e+00
   1.1615300e+00
   1.1992770e+00
   1.1803650e+00
   1.2031860e+00
   1.1864430e+00
   1.1878890e+00
   1.2285490e+00
   1.2225360e+00
   1.2094820e+00
   1.2482830e+00
   1.2287960e+00
   1.2382400e+00
   1.2451880e+00
   1.2501810e+00
   1.2639980e+00
   1.2428740e+00
   1.2817140e+00
   1.2396340e+00
   1.2859470e+00
   1.2746990e+00
   1.3070810e+00
   1.2899920e+00
   1.3272010e+00
   1.3084400e+00
   1.3112780e+00
   1.3377390e+00
   1.3341470e+00
   1.3382620e+00
   1.3445490e+00
   1.3740590e+00
   1.3590670e+00
   1.3719870e+00
   1.3709130e+00
   1.3844860e+00
   1.3813270e+00
   1.4092650e+00
   1.4119630e+00
   1.4281990e+00
   1.4253410e+00
   1.4333190e+00
   1.4378950e+00
   1.4667070e+00
   1.4463240e+00
   1.4493430e+00
   1.4665240e+00
   1.4622820e+00
   1.4540960e+00
   1.4727330e+00
   1.4801570e+00
   1.5036370e+00
   1.5114750e+00
   1.5062730e+00
   1.5202550e+00
   1.5088370e+00
   1.5285310e+00
   1.5319940e+00
   1.5550240e+00
   1.5646400e+00
   1.5485440e+00
   1.5329650e+00
   1.5721200e+00
   1.5969500e+00
   1.6029120e+00
   1.6018510e+00
   1.6146270e+00
   1.5902590e+00
   1.5918280e+00
   1.6265380e+00
   1.6234430e+00
   1.6135590e+00
   1.6511260e+00
   1.6689370e+00
   1.6576350e+00
   1.6648190e+00
   1.6691590e+00
   1.6625340e+00
   1.6812250e+00
   1.7016540e+00
   1.6761020e+00
   1.7170110e+00
   1.7288030e+00
   1.7138990e+00
   1.7203220e+00
   1.7513270e+00
   1.7436580e+00
   1.7500750e+00
   1.7473230e+00
   1.7434030e+00
   1.7562220e+00
   1.7772250e+00
   1.7624540e+00
   1.7837520e+00
   1.7792090e+00
   1.7762970e+00
   1.8314260e+00
   1.8259920e+00
   1.8154420e+00
   1.8443230e+00
   1.8339640e+00
   1.8471960e+00
   1.8534170e+00
   1.8582710e+00
   1.8605000e+00
   1.8670300e+00
   1.8623910e+00
   1.9001820e+00
   1.8831440e+00
   1.8942300e+00
   1.8844150e+00
   1.9092750e+00
   1.9400480e+00
   1.9045730e+00
   1.9412700e+00
   1.9127260e+00
   1.9521360e+00
   1.9753370e+00
   1.9593260e+00
   1.9455040e+00
   1.9990930e+00
   1.9610930e+00
   1.9741570e+00
   1.9991360e+00
   2.0050590e+00
   2.0046730e+00
   2.0169750e+00
   2.0269160e+00
   2.0240260e+00
   2.0380310e+00
   2.0346580e+00
   2.0391820e+00
   2.0462870e+00
   2.0628180e+00
   2.0521000e+00
   2.0641140e+00
   2.0804550e+00
   2.0951750e+00
   2.0930120e+00
   2.1032540e+00
   2.1000350e+00
   2.0925270e+00
   2.1143860e+00
   2.1215360e+00
   2.1613340e+00
   2.1617120e+00
   2.1603280e+00
   2.1788710e+00
   2.1673260e+00
   2.1637330e+00
   2.1938700e+00
   2.1759010e+00
   2.1812140e+00
   2.2096640e+00
   2.1983940e+00
   2.1978980e+00
   2.2090160e+00
   2.2184230e+00
   2.2134880e+00
   2.2306790e+00
   2.2582600e+00
   2.2918260e+00
   2.2541370e+00
   2.2803670e+00
   2.3065270e+00
   2.2843620e+00
   2.2854440e+00
   2.3019970e+00
   2.3089490e+00
   2.2992100e+00
   2.3213950e+00
   2.3169180e+00
   2.3157180e+00
   2.3424400e+00
   2.3620990e+00
   2.3641990e+00
   2.3615170e+00
   2.3798870e+00
   2.3929890e+00
   2.3801820e+00
   2.3841410e+00
   2.4080070e+00
   2.4033150e+00
   2.4407770e+00
   2.3964080e+00
   2.4002000e+00
   2.4141880e+00
   2.4406880e+00
   2.4444910e+00
   2.4485690e+00
   2.4746260e+00
   2.4639590e+00
   2.4818120e+00
   2.5068510e+00
   2.5062350e+00
   2.4865250e+00
   2.5374730e+00
   2.5242230e+00
   2.5192100e+00
   2.5051720e+00
   2.5570990e+00
   2.5346540e+00
   2.5416230e+00
   2.5509540e+00
   2.5611520e+00
   2.6004070e+00
   2.5934520e+00
   2.5772030e+00
   2.6113140e+00
   2.5868160e+00
   2.5822200e+00
   2.5991480e+00
   2.6037010e+00
   2.6185410e+00
   2.6264610e+00
   2.6479970e+00
   2.6301570e+00
   2.6648460e+00
   2.6506520e+00
   2.6709450e+00
   2.6994950e+00
   2.6788710e+00
   2.6918200e+00
   2.6794310e+00
   2.7014740e+00
   2.6919230e+00
   2.7089540e+00
   2.7072700e+00
   2.7272400e+00
   2.7184910e+00
   2.7537180e+00
   2.7511060e+00
   2.7330210e+00
   2.7290560e+00
   2.7434530e+00
   2.7597410e+00
   2.7817360e+00
   2.7951570e+00
   2.7763160e+00
   2.7738770e+00
   2.8019080e+00
   2.7892750e+00
   2.8201470e+00
   2.8122890e+00
   2.8452980e+00
   2.8347300e+00
   2.8532020e+00
   2.8434850e+00
   2.8943300e+00
   2.8745860e+00
   2.8757210e+00
   2.8657080e+00
   2.8997840e+00
   2.8835230e+00
   2.8893580e+00
   2.9038550e+00
   2.9115630e+00
   2.9192880e+00
   2.9633640e+00
   2.9539570e+00
   2.9724760e+00
   2.9140050e+00
   2.9600250e+00
   2.9691090e+00
   2.9733280e+00
   3.0123530e+00
   2.9842250e+00
   2.9864980e+00
   3.0118380e+00
   2.9934970e+00
   3.0471450e+00
   3.0441530e+00
   3.0726190e+00
   3.0508150e+00
   3.0521680e+00
   3.0759810e+00
   3.0651020e+00
   3.0696200e+00
   3.0616440e+00
   3.0714300e+00
   3.0904250e+00
   3.1088000e+00
   3.1209670e+00
   3.1014870e+00
   3.1114770e+00
   3.1118290e+00
   3.1129460e+00
   3.1449880e+00
   3.1424290e+00
   3.1759900e+00
   3.1543390e+00
   3.1825550e+00
   3.1670970e+00
   3.1897640e+00
   3.2094380e+00
   3.1934860e+00
   3.2070660e+00
   3.1678260e+00
   3.2099470e+00
   3.2278770e+00
   3.2334570e+00
   3.2656790e+00
   3.2512610e+00
   3.2527410e+00
   3.2682760e+00
   3.2458550e+00
   3.2662770e+00
   3.2889650e+00
   3.2841590e+00
   3.2561210e+00
   3.3137460e+00
   3.2868340e+00
   3.2955850e+00
   3.3300240e+00
   3.3262070e+00
   3.3245370e+00
   3.3185840e+00
   3.3411580e+00
   3.3227930e+00
   3.3710880e+00
   3.3711440e+00
   3.3582110e+00
   3.3832360e+00
   3.4411480e+00
   3.4041370e+00
   3.4140180e+00
   3.4407220e+00
   3.4278920e+00
   3.4288190e+00
   3.4368760e+00
   3.4479170e+00
   3.4671550e+00
   3.4616940e+00
   3.4828750e+00
   3.4691110e+00
   3.4913520e+00
   3.4765260e+00
   3.5058470e+00
   3.4799660e+00
   3.4987030e+00
   3.5049020e+00
   3.5494310e+00
   3.5107560e+00
   3.5141010e+00
   3.5455980e+00
   3.5287070e+00
   3.5383060e+00
   3.5699950e+00
   3.5740190e+00
   3.5982360e+00
   3.5896840e+00
   3.6138440e+00
   3.6105630e+00
   3.6310580e+00
   3.6137600e+00
   3.5848670e+00
   3.6152410e+00
