   0.0000000e+00
  -3.7890000e-02
  -2.6068000e-02
  -4.1350000e-02
  -6.8773000e-02
  -2.9287000e-02
   3.4770000e-03
  -3.4506000e-02
  -4.9415000e-02
  -4.5605000e-02
  -1.8937000e-02
  -3.2940000e-02
  -5.1680000e-03
  -2.8050000e-02
  -6.1334000e-02
  -2.8704000e-02
  -5.4160000e-03
   2.0080000e-03
   8.4420000e-03
   4.6160000e-03
   7.6650000e-03
   2.5039000e-02
   2.0003000e-02
  -3.9940000e-03
  -1.4447000e-02
  -8.6710000e-03
   1.2149000e-02
   2.3956000e-02
  -1.5300000e-03
   3.4318000e-02
  -5.9250000e-03
   1.4710000e-03
   5.4820000e-03
   2.8260000e-03
   3.4656000e-02
   1.7233000e-02
   5.8846000e-02
   2.6296000e-02
   6.4867000e-02
  -1.4013000e-02
   4.2194000e-02
   4.3785000e-02
   7.8394000e-02
   4.9716000e-02
   8.1883000e-02
   8.7364000e-02
   4.2864000e-02
   3.5429000e-02
   7.7945000e-02
   4.9609000e-02
   6.5736000e-02
   6.1496000e-02
   7.7999000e-02
   9.1193000e-02
   9.7203000e-02
   9.0075000e-02
   7.3359000e-02
   7.9219000e-02
   1.0492700e-01
   6.1802000e-02
   8.5142000e-02
   8.1837000e-02
   1.0961500e-01
   1.2934900e-01
   1.6944400e-01
   1.2865200e-01
   1.1277300e-01
   1.2889600e-01
   1.5073400e-01
   1.6598300e-01
   1.4232600e-01
   1.5558100e-01
   1.8289900e-01
   1.6925200e-01
   1.7124300e-01
   1.6816700e-01
   1.7195000e-01
   2.0427400e-01
   1.7887200e-01
   1.9302000e-01
   1.7918500e-01
   2.1537700e-01
   2.1365600e-01
   2.2239100e-01
   2.1857400e-01
   2.1009300e-01
   2.2778400e-01
   2.1016100e-01
   2.3342200e-01
   2.8910800e-01
   2.8233100e-01
   2.7235600e-01
   2.6955500e-01
   2.8237300e-01
   2.7949800e-01
   2.9531000e-01
   3.0604400e-01
   2.6916500e-01
   2.9055800e-01
   2.9928700e-01
   2.9486700e-01
   2.9217000e-01
   3.4104100e-01
   3.3525600e-01
   3.1093900e-01
   3.1402100e-01
   3.4802500e-01
   3.3260600e-01
   3.2876900e-01
   3.5277800e-01
   3.4732300e-01
   3.8555000e-01
   4.1928200e-01
   3.4894000e-01
   4.0332600e-01
   4.0147300e-01
   3.8345400e-01
   4.2392800e-01
   3.9481300e-01
   3.8203300e-01
   4.0266800e-01
   4.4128200e-01
   4.4430800e-01
   4.6184000e-01
   4.5836000e-01
   4.7931300e-01
   4.2342800e-01
   4.6215700e-01
   4.6739900e-01
   4.7959700e-01
   5.0743300e-01
   4.8064200e-01
   5.0478300e-01
   4.7004100e-01
   4.9548900e-01
   5.3734300e-01
   4.9274800e-01
   5.5946000e-01
   5.2985200e-01
   5.5571400e-01
   5.2985700e-01
   5.7326800e-01
   5.6550400e-01
   5.9608200e-01
   5.6845600e-01
   5.7156000e-01
   5.7788100e-01
   6.3663500e-01
   5.9948600e-01
   5.8188300e-01
   6.3739000e-01
   6.2659600e-01
   6.2616000e-01
   6.4961900e-01
   6.6353100e-01
   6.4135300e-01
   6.6248700e-01
   6.6135500e-01
   6.6317400e-01
   6.9017500e-01
   7.0180300e-01
   6.6891900e-01
   7.2314300e-01
   7.1181900e-01
   7.1149100e-01
   6.9274500e-01
   7.2513800e-01
   7.3575900e-01
   7.4612100e-01
   7.4290200e-01
   7.7594700e-01
   7.9527600e-01
   7.9621000e-01
   7.7525400e-01
   7.9317800e-01
   8.0168600e-01
   7.8925800e-01
   8.0806200e-01
   8.0423600e-01
   8.2398200e-01
   8.6055800e-01
   8.3355000e-01
   8.3043000e-01
   8.7784000e-01
   8.7549300e-01
   8.5612400e-01
   8.5937700e-01
   9.0758900e-01
   8.8861500e-01
   8.9886300e-01
   9.0931500e-01
   8.9801600e-01
   9.3809100e-01
   9.6953400e-01
   8.8468200e-01
   9.4322600e-01
   9.6485300e-01
   9.3908200e-01
   9.6336100e-01
   9.7232000e-01
   9.6507300e-01
   9.9739600e-01
   1.0145250e+00
   1.0030910e+00
   1.0133460e+00
   1.0033670e+00
   1.0425690e+00
   1.0270340e+00
   1.0446490e+00
   1.0661430e+00
   1.0456190e+00
   1.0551090e+00
   1.0680670e+00
   1.0696310e+00
   1.0572630e+00
   1.0981850e+00
   1.0691010e+00
   1.0983370e+00
   1.0848900e+00
   1.1441030e+00
   1.1285340e+00
   1.1436370e+00
   1.1371190e+00
   1.1799750e+00
   1.1496780e+00
   1.1869480e+00
   1.1946170e+00
   1.1702860e+00
   1.1961330e+00
   1.1980280e+00
   1.2435760e+00
   1.1920210e+00
   1.1884580e+00
   1.2322540e+00
   1.2155570e+00
   1.2305060e+00
   1.2557520e+00
   1.2324240e+00
   1.2852890e+00
   1.2806270e+00
   1.3074290e+00
   1.2821300e+00
   1.3132080e+00
   1.2822500e+00
   1.3159090e+00
   1.3404840e+00
   1.3145020e+00
   1.3362880e+00
   1.3735420e+00
   1.3352400e+00
   1.3368220e+00
   1.3835540e+00
   1.3731210e+00
   1.3604060e+00
   1.3721580e+00
   1.4035950e+00
   1.4094840e+00
   1.4059460e+00
   1.4248370e+00
   1.4390610e+00
   1.4222230e+00
   1.4379010e+00
   1.4380180e+00
   1.4852200e+00
   1.4431940e+00
   1.5061640e+00
   1.4724290e+00
   1.4911160e+00
   1.5172720e+00
   1.5209650e+00
   1.5082910e+00
   1.5396110e+00
   1.5081030e+00
   1.5647910e+00
   1.5684810e+00
   1.5546320e+00
   1.5698830e+00
   1.5887610e+00
   1.5717750e+00
   1.5963290e+00
   1.6069540e+00
   1.6088770e+00
   1.5826620e+00
   1.6112650e+00
   1.5879510e+00
   1.6262450e+00
   1.6264400e+00
   1.6476070e+00
   1.6645800e+00
   1.6811590e+00
   1.6705800e+00
   1.6820350e+00
   1.7085400e+00
   1.7219100e+00
   1.7093250e+00
   1.7295640e+00
   1.7072320e+00
   1.7593250e+00
   1.7244790e+00
   1.7304720e+00
   1.7633370e+00
   1.7598350e+00
   1.7388550e+00
   1.7976040e+00
   1.7983260e+00
   1.8244760e+00
   1.8067140e+00
   1.8225390e+00
   1.7951890e+00
   1.8605640e+00
   1.8783380e+00
   1.8339200e+00
   1.8359740e+00
   1.8762900e+00
   1.8436410e+00
   1.8762270e+00
   1.8787680e+00
   1.9051220e+00
   1.8599090e+00
   1.9078090e+00
   1.9184930e+00
   1.8878110e+00
   1.9265750e+00
   1.9496390e+00
   1.9214040e+00
   1.9480490e+00
   1.9655730e+00
   1.9599290e+00
   2.0079170e+00
   2.0006710e+00
   1.9830560e+00
   2.0084690e+00
   2.0317270e+00
   2.0230260e+00
   2.0369820e+00
   2.0467030e+00
   2.0566120e+00
   2.0254150e+00
   2.0458040e+00
   2.0600600e+00
   2.0444390e+00
   2.0562540e+00
   2.0978640e+00
   2.1059820e+00
   2.1248530e+00
   2.1223010e+00
   2.1088280e+00
   2.1312360e+00
   2.1259880e+00
   2.1642610e+00
   2.1270630e+00
   2.1803260e+00
   2.1815520e+00
   2.1949010e+00
   2.1772630e+00
   2.2001540e+00
   2.2037320e+00
   2.1838490e+00
   2.2299840e+00
   2.2373010e+00
   2.2228340e+00
   2.2687360e+00
   2.2196120e+00
   2.2535340e+00
   2.2620450e+00
   2.2640230e+00
   2.2731010e+00
   2.3030830e+00
   2.2853680e+00
   2.3114600e+00
   2.3101850e+00
   2.3239750e+00
   2.3713700e+00
   2.3323750e+00
   2.3677080e+00
   2.3597020e+00
   2.3677230e+00
   2.3390230e+00
   2.4028600e+00
   2.3945040e+00
   2.3914410e+00
   2.4085710e+00
   2.4139320e+00
   2.4590600e+00
   2.4112270e+00
   2.4297690e+00
   2.4536280e+00
   2.4921000e+00
   2.4698370e+00
   2.4942600e+00
   2.4955900e+00
   2.5031090e+00
   2.5221020e+00
   2.5493850e+00
   2.5167120e+00
   2.5165400e+00
   2.5337960e+00
   2.5326210e+00
   2.5025330e+00
   2.5525230e+00
   2.5660990e+00
   2.5640940e+00
   2.5751110e+00
   2.6109650e+00
   2.5971600e+00
   2.6031920e+00
   2.5993380e+00
   2.6094970e+00
   2.6263660e+00
   2.6389030e+00
   2.6520470e+00
   2.6839750e+00
   2.6868460e+00
   2.6463770e+00
   2.7108280e+00
   2.6667740e+00
   2.7427120e+00
   2.7057110e+00
   2.7017410e+00
   2.6797790e+00
   2.7188890e+00
   2.7640350e+00
   2.7349840e+00
   2.7424450e+00
   2.7342100e+00
   2.7450490e+00
   2.7645790e+00
   2.7906530e+00
   2.7526990e+00
   2.8128910e+00
   2.7992060e+00
   2.8318880e+00
   2.8246770e+00
   2.8245220e+00
   2.8507290e+00
   2.8589710e+00
   2.8961230e+00
   2.8409540e+00
   2.8605670e+00
   2.8588330e+00
   2.8794780e+00
   2.8889110e+00
   2.8983300e+00
   2.9060080e+00
   2.9134200e+00
   2.9268280e+00
   2.9477060e+00
   2.9689680e+00
   2.9490030e+00
   2.9989730e+00
   2.9889910e+00
   3.0038050e+00
   2.9701040e+00
   2.9621570e+00
   3.0114190e+00
   3.0199580e+00
   2.9892170e+00
   3.0015090e+00
   3.0447310e+00
   3.0659780e+00
   3.0802830e+00
   3.0451620e+00
   3.0823840e+00
   3.0907790e+00
   3.0866780e+00
   3.0754630e+00
   3.0826740e+00
   3.1260340e+00
   3.0880980e+00
   3.1227370e+00
   3.1392460e+00
   3.1656060e+00
   3.1461590e+00
   3.1346890e+00
   3.1760620e+00
   3.1639390e+00
   3.2197270e+00
   3.1775490e+00
   3.2055590e+00
   3.2494270e+00
   3.2388180e+00
   3.2266340e+00
   3.2443040e+00
   3.2891680e+00
   3.2782980e+00
   3.2345300e+00
   3.2715750e+00
   3.2965630e+00
   3.2552600e+00
   3.2982200e+00
   3.2996440e+00
   3.3146580e+00
   3.3020510e+00
   3.2908070e+00
   3.3134040e+00
   3.3777740e+00
   3.3478100e+00
   3.3403790e+00
   3.3946930e+00
   3.3924620e+00
   3.3667480e+00
   3.4118840e+00
   3.4207850e+00
   3.3931180e+00
   3.4263690e+00
   3.4172480e+00
   3.4563660e+00
   3.4167230e+00
   3.4412100e+00
   3.4728560e+00
   3.4639330e+00
   3.4846570e+00
   3.5150050e+00
   3.4820120e+00
   3.4774870e+00
   3.5363540e+00
   3.5064890e+00
   3.5291150e+00
   3.5201950e+00
   3.5096260e+00
   3.5296950e+00
   3.5809710e+00
   3.5562950e+00
   3.5695740e+00
   3.5863820e+00
   3.6113160e+00
   3.6000330e+00
   3.6004380e+00
   3.5973550e+00
   3.6329290e+00
   3.5902770e+00
   3.6159090e+00
   3.6605530e+00
   3.6632720e+00
   3.6386690e+00
   3.6814560e+00
   3.6884040e+00
   3.6651330e+00
   3.6945610e+00
   3.7346830e+00
   3.7029960e+00
   3.6949620e+00
   3.7318920e+00
   3.7264320e+00
   3.7385050e+00
   3.7613880e+00
   3.7607650e+00
   3.7627790e+00
   3.7586270e+00
   3.7708920e+00
   3.7752570e+00
   3.7914630e+00
   3.8447660e+00
   3.8222780e+00
   3.8172370e+00
   3.8335040e+00
   3.8488500e+00
   3.8576740e+00
   3.8667240e+00
   3.8896650e+00
   3.8705770e+00
   3.8921310e+00
   3.8818200e+00
   3.8664300e+00
   3.8991860e+00
   3.9453330e+00
   3.9198040e+00
   3.9542650e+00
   3.9545020e+00
   3.9398990e+00
   3.9959660e+00
   3.9843950e+00
   3.9931900e+00
   3.9669070e+00
   3.9801490e+00
   4.0130300e+00
   4.0318110e+00
   4.0166930e+00
   4.0580490e+00
   4.0312420e+00
   4.0555970e+00
   4.0502230e+00
   4.0792390e+00
   4.0604100e+00
   4.0742840e+00
   4.0543890e+00
   4.0971220e+00
   4.1013150e+00
   4.1179080e+00
   4.1225320e+00
   4.1115800e+00
   4.1452230e+00
   4.1905380e+00
   4.1368370e+00
   4.1750590e+00
   4.1545350e+00
   4.1564780e+00
   4.1606370e+00
   4.2012300e+00
   4.1991450e+00
   4.2233980e+00
   4.2113770e+00
   4.2008500e+00
   4.2277050e+00
   4.2383210e+00
   4.2596360e+00
   4.2331540e+00
   4.2293450e+00
   4.2814410e+00
   4.2661500e+00
   4.2798380e+00
   4.3079160e+00
   4.3060240e+00
   4.3170610e+00
   4.3447240e+00
   4.3507120e+00
   4.3387190e+00
   4.3367670e+00
   4.3323980e+00
   4.3693990e+00
   4.4156920e+00
   4.3998200e+00
   4.3924030e+00
   4.3754470e+00
   4.3812540e+00
   4.4027550e+00
   4.3498080e+00
   4.4372930e+00
   4.4612750e+00
   4.4479380e+00
   4.4478460e+00
   4.4880950e+00
   4.4624190e+00
   4.4677760e+00
   4.5046980e+00
   4.4954090e+00
   4.4914620e+00
   4.5281460e+00
   4.5108820e+00
   4.5566650e+00
   4.5245420e+00
   4.5334630e+00
   4.5410470e+00
   4.5680560e+00
   4.5943780e+00
   4.5847280e+00
   4.6007160e+00
   4.6181680e+00
   4.6000550e+00
   4.6288180e+00
   4.6166210e+00
   4.6672430e+00
   4.6404440e+00
   4.6333410e+00
   4.6538920e+00
   4.6462640e+00
   4.6394370e+00
   4.6833820e+00
   4.6894010e+00
   4.7056710e+00
   4.6853630e+00
   4.6943690e+00
   4.7086040e+00
   4.7070410e+00
   4.7857170e+00
   4.7497720e+00
   4.7384990e+00
   4.7672720e+00
   4.7908580e+00
   4.7885910e+00
   4.8013920e+00
   4.8013350e+00
   4.7717130e+00
   4.7941960e+00
   4.8371090e+00
   4.8213930e+00
   4.8383520e+00
   4.8522330e+00
   4.8304510e+00
   4.8617790e+00
   4.8581220e+00
   4.8465700e+00
   4.8903910e+00
   4.8750680e+00
   4.8898170e+00
   4.8821320e+00
   4.9044050e+00
   4.9325130e+00
   4.9623250e+00
   4.9190790e+00
   4.9554620e+00
   4.9671020e+00
   4.9852670e+00
   4.9976280e+00
   4.9608090e+00
   4.9912930e+00
   5.0218170e+00
   5.0170050e+00
   5.0415380e+00
   5.0462910e+00
   5.0760150e+00
   4.9897020e+00
   5.0415400e+00
   5.0496600e+00
   5.0372390e+00
   5.0626780e+00
   5.1079500e+00
   5.0902340e+00
   5.1156520e+00
   5.1367470e+00
   5.1083210e+00
   5.1142960e+00
   5.1052560e+00
   5.1333140e+00
   5.1332300e+00
   5.1509160e+00
   5.1590450e+00
   5.1577160e+00
   5.1580340e+00
   5.1808940e+00
   5.1966160e+00
   5.1875240e+00
   5.2195460e+00
   5.2183390e+00
   5.2243680e+00
   5.2549510e+00
   5.2897640e+00
   5.2702280e+00
   5.2745730e+00
   5.2706680e+00
   5.2813000e+00
   5.2981530e+00
   5.2847920e+00
   5.2751420e+00
   5.3199990e+00
   5.3067030e+00
   5.3358230e+00
   5.3207500e+00
   5.3209430e+00
   5.3263350e+00
   5.3666740e+00
   5.4068030e+00
   5.3816360e+00
   5.3954120e+00
   5.3970560e+00
   5.4069490e+00
   5.4558780e+00
   5.4041820e+00
   5.4242880e+00
   5.4227300e+00
   5.4574160e+00
   5.4569240e+00
   5.4540780e+00
   5.4826990e+00
   5.4576530e+00
   5.4873360e+00
   5.4971290e+00
   5.5315420e+00
   5.5200700e+00
   5.5186890e+00
   5.5007480e+00
   5.5065370e+00
   5.5540590e+00
   5.5377190e+00
   5.5547120e+00
   5.5509940e+00
   5.5792660e+00
   5.5883970e+00
   5.6255430e+00
   5.6351860e+00
   5.6290300e+00
   5.6377050e+00
   5.6030230e+00
   5.6578580e+00
   5.6238680e+00
   5.6195850e+00
   5.7186210e+00
   5.6726250e+00
   5.6621750e+00
   5.6832050e+00
   5.6926180e+00
   5.6601190e+00
   5.6941720e+00
   5.7261370e+00
   5.7249800e+00
   5.7008750e+00
