   2.0017090e+00
   1.9921970e+00
   2.0095110e+00
   2.0379690e+00
   2.0850400e+00
   2.0538360e+00
   2.0328540e+00
   1.9825080e+00
   1.9705840e+00
   1.9776230e+00
   2.0124690e+00
   1.9848240e+00
   2.0336560e+00
   1.9847380e+00
   2.0158890e+00
   1.9861800e+00
   2.0100720e+00
   2.0105930e+00
   1.9895830e+00
   1.9722540e+00
   1.9802840e+00
   2.0277420e+00
   2.0079350e+00
   1.9801890e+00
   2.0227640e+00
   1.9773190e+00
   1.9848180e+00
   2.0119110e+00
   1.9616520e+00
   1.9746240e+00
   1.9969620e+00
   2.0112780e+00
   1.9745130e+00
   1.9583310e+00
   2.0054400e+00
   1.9958920e+00
   1.9838180e+00
   2.0092920e+00
   2.0038980e+00
   2.0214720e+00
   1.9938780e+00
   1.9528810e+00
   2.0395360e+00
   1.9620930e+00
   1.9995760e+00
   1.9934480e+00
   2.0111120e+00
   1.9889450e+00
   1.9876670e+00
   2.0064580e+00
   2.0431550e+00
   1.9643040e+00
   1.9787300e+00
   1.9984000e+00
   2.0306290e+00
   2.0224160e+00
   1.9739190e+00
   2.0134570e+00
   2.0141690e+00
   1.9859060e+00
   1.9633230e+00
   2.0389530e+00
   2.0134870e+00
   2.0010070e+00
   1.9860120e+00
   1.9842400e+00
   2.0074590e+00
   1.9725680e+00
   2.0173100e+00
   1.9887540e+00
   2.0272940e+00
   2.0070980e+00
   1.9607220e+00
   2.0386360e+00
   1.9736640e+00
   1.9769290e+00
   1.9944730e+00
   1.9753090e+00
   2.0071600e+00
   1.9666250e+00
   2.0190980e+00
   2.0139960e+00
   1.9834470e+00
   2.0208610e+00
   2.0356560e+00
   1.9796620e+00
   2.0006170e+00
   1.9652550e+00
   2.0223520e+00
   2.0433200e+00
   2.0451320e+00
   2.0133120e+00
   1.9887630e+00
   1.9362020e+00
   1.9940230e+00
   2.0176540e+00
   1.9914320e+00
   1.9808390e+00
   2.0293660e+00
   1.9792780e+00
   1.9688480e+00
   1.9864460e+00
   2.0292430e+00
   2.0223630e+00
   1.9780250e+00
   1.9641080e+00
   1.9650510e+00
   2.0462040e+00
   2.0030020e+00
   1.9723970e+00
   2.0203660e+00
   2.0122360e+00
   1.9720470e+00
   2.0011500e+00
   1.9879840e+00
   2.0112570e+00
   2.0661600e+00
   2.0195890e+00
   2.0208530e+00
   2.0014420e+00
   1.9861510e+00
   1.9782000e+00
   1.9565200e+00
   1.9962570e+00
   1.9568250e+00
   2.0104210e+00
   2.0197120e+00
   1.9835740e+00
   1.9917250e+00
   2.0019600e+00
   2.0224880e+00
   1.9769890e+00
   2.0056180e+00
   1.9906860e+00
   1.9455270e+00
   1.9567440e+00
   1.9569210e+00
   2.0023080e+00
   2.0263510e+00
   1.9762180e+00
   1.9764230e+00
   2.0107950e+00
   2.0211460e+00
   1.9926120e+00
   2.0054080e+00
   2.0006400e+00
   1.9765050e+00
   1.9947820e+00
   1.9987150e+00
   2.0295200e+00
   2.0117610e+00
   1.9960510e+00
   1.9755510e+00
   2.0103020e+00
   1.9654890e+00
   1.9547880e+00
   2.0177590e+00
   1.9758670e+00
   2.0124530e+00
   2.0106650e+00
   2.0222360e+00
   1.9914560e+00
   2.0141470e+00
   2.0076500e+00
   2.0523010e+00
   2.0210720e+00
   1.9883360e+00
   1.9850040e+00
   2.0053620e+00
   2.0178220e+00
   1.9952170e+00
   1.9819960e+00
   2.0388760e+00
   1.9995100e+00
   1.9575450e+00
   1.9486930e+00
   2.0081670e+00
   1.9913310e+00
   2.0253810e+00
   2.0040460e+00
   2.0058390e+00
   2.0227370e+00
   1.9839380e+00
   2.0018640e+00
   2.0088400e+00
   2.0179570e+00
   2.0445160e+00
   2.0107060e+00
   1.9845870e+00
   1.9940110e+00
   1.9826460e+00
   2.0188020e+00
   2.0014770e+00
   1.9586490e+00
   2.0124470e+00
   2.0096770e+00
   2.0333150e+00
   1.9992770e+00
   1.9970780e+00
   2.0115870e+00
   2.0230010e+00
   1.9874480e+00
   1.9606860e+00
   2.0202360e+00
   1.9633460e+00
   2.0032310e+00
   2.0148440e+00
   2.0029200e+00
   2.0251830e+00
   1.9943930e+00
   1.9914660e+00
   1.9946060e+00
   1.9822850e+00
   2.0253600e+00
   1.9996730e+00
   2.0097770e+00
   2.0008410e+00
   2.0462700e+00
   2.0183050e+00
   1.9997480e+00
   2.0424450e+00
   1.9998740e+00
   2.0088660e+00
   1.9935140e+00
   2.0043230e+00
   1.9775440e+00
   2.0324380e+00
   2.0216900e+00
   2.0193020e+00
   2.0161050e+00
   2.0148820e+00
   2.0127230e+00
   1.9849150e+00
   1.9797160e+00
   1.9472990e+00
   2.0140590e+00
   1.9958800e+00
   1.9890920e+00
   2.0136030e+00
   2.0781460e+00
   1.9600310e+00
   1.9572980e+00
   1.9844130e+00
   1.9932160e+00
   1.9669670e+00
   1.9534540e+00
   1.9642140e+00
   2.0274710e+00
   1.9719620e+00
   1.9827890e+00
   1.9688330e+00
   2.0299910e+00
   1.9747990e+00
   1.9889510e+00
   1.9456710e+00
   2.0095510e+00
   1.9883600e+00
   1.9991030e+00
   2.0671390e+00
   1.9774300e+00
   2.0389310e+00
   1.9973450e+00
   2.0393800e+00
   1.9823760e+00
   2.0563810e+00
   1.9640880e+00
   2.0262620e+00
   2.0171970e+00
   1.9886260e+00
   2.0119720e+00
   2.0491710e+00
   2.0004480e+00
   2.0270410e+00
   2.0189770e+00
   1.9702080e+00
   1.9744880e+00
   2.0121310e+00
   1.9689540e+00
   1.9863210e+00
   1.9998910e+00
   1.9730260e+00
   2.0266140e+00
   2.0061890e+00
   1.9868340e+00
   2.0010300e+00
   1.9876720e+00
   2.0019620e+00
   2.0405690e+00
   1.9490480e+00
   1.9578490e+00
   1.9960330e+00
   2.0147590e+00
   1.9966760e+00
   2.0127110e+00
   1.9958030e+00
   1.9742800e+00
   1.9958240e+00
   2.0222650e+00
   2.0176040e+00
   2.0052450e+00
   1.9802920e+00
   2.0077010e+00
   1.9956510e+00
   1.9832760e+00
   1.9855360e+00
   2.0513220e+00
   2.0304390e+00
   2.0145460e+00
   2.0304760e+00
   2.0057360e+00
   1.9716590e+00
   1.9801400e+00
   1.9490080e+00
   1.9921800e+00
   2.0163480e+00
   1.9852030e+00
   1.9876400e+00
   2.0076000e+00
   1.9865850e+00
   1.9693480e+00
   1.9831280e+00
   2.0111360e+00
   1.9759000e+00
   2.0103480e+00
   2.0073380e+00
   2.0245370e+00
   2.0022080e+00
   2.0233160e+00
   1.9873400e+00
   2.0233610e+00
   2.0090660e+00
   1.9616790e+00
   2.0261950e+00
   1.9967760e+00
   1.9755150e+00
   2.0143940e+00
   2.0107900e+00
   2.0077690e+00
   1.9886030e+00
   2.0155330e+00
   1.9685580e+00
   1.9852070e+00
   2.0413390e+00
   1.9913410e+00
   2.0297440e+00
   2.0071310e+00
   1.9870280e+00
   1.9925980e+00
   1.9993690e+00
   1.9881060e+00
   2.0346880e+00
   1.9789680e+00
   1.9747910e+00
   2.0106080e+00
   2.0101630e+00
   2.0304540e+00
   1.9382220e+00
   1.9958390e+00
   2.0084930e+00
   1.9782370e+00
   1.9864780e+00
   2.0165790e+00
   2.0147300e+00
   2.0066580e+00
   1.9651560e+00
   2.0149160e+00
   2.0056090e+00
   2.0394750e+00
   2.0164690e+00
   1.9692450e+00
   2.0149750e+00
   1.9978420e+00
   1.9986740e+00
   2.0009660e+00
   1.9939840e+00
   1.9901290e+00
   1.9812060e+00
   1.9593200e+00
   2.0173590e+00
   1.9540860e+00
   2.0412110e+00
   1.9850660e+00
   1.9948400e+00
   1.9897330e+00
   2.0083910e+00
   1.9995340e+00
   1.9671030e+00
   1.9453740e+00
   1.9943740e+00
   1.9966280e+00
   2.0345120e+00
   1.9899670e+00
   2.0064310e+00
   2.0145060e+00
   1.9666440e+00
   2.0172970e+00
   1.9967350e+00
   1.9715730e+00
   1.9970990e+00
   1.9884320e+00
   2.0526190e+00
   1.9930150e+00
   2.0159240e+00
   2.0274830e+00
   2.0326130e+00
   1.9650910e+00
   1.9842770e+00
   1.9601620e+00
   1.9982030e+00
   2.0201330e+00
   2.0070150e+00
   1.9745730e+00
   2.0429590e+00
   1.9856780e+00
   2.0336000e+00
   2.0001790e+00
   2.0232930e+00
   2.0185440e+00
   2.0776670e+00
   2.0032270e+00
   1.9842680e+00
   2.0299430e+00
   1.9925250e+00
   1.9904940e+00
   1.9938880e+00
   1.9949270e+00
   2.0088350e+00
   2.0203280e+00
   1.9739360e+00
   2.0179770e+00
   1.9784470e+00
   1.9792980e+00
   1.9253480e+00
   2.0046410e+00
   2.0211780e+00
   2.0017480e+00
   2.0020980e+00
   1.9997460e+00
   2.0166660e+00
   2.0183280e+00
   2.0076410e+00
   2.0001480e+00
   1.9655840e+00
   2.0155580e+00
   1.9680720e+00
   1.9868590e+00
   1.9754060e+00
   2.0125790e+00
   1.9695920e+00
   1.9949350e+00
   2.0108090e+00
   2.0238900e+00
   1.9842130e+00
   2.0031920e+00
   1.9841480e+00
   1.9707430e+00
   2.0187690e+00
   2.0096070e+00
   2.0210510e+00
   1.9846910e+00
   2.0248250e+00
   1.9724310e+00
   2.0077740e+00
   2.0090700e+00
   1.9596320e+00
   2.0183480e+00
   2.0379750e+00
   2.0291370e+00
   1.9990140e+00
   2.0065610e+00
   1.9920620e+00
   1.9787100e+00
   1.9848420e+00
   2.0085880e+00
   1.9948870e+00
   2.0506100e+00
   2.0101810e+00
   2.0095320e+00
   1.9945170e+00
   1.9982450e+00
   1.9781690e+00
   2.0299130e+00
   1.9757430e+00
   1.9909270e+00
   1.9846050e+00
   2.0374790e+00
   2.0208380e+00
   1.9940330e+00
   1.9992330e+00
   2.0094800e+00
   1.9881790e+00
   1.9818270e+00
   2.0200120e+00
   2.0112660e+00
   2.0106580e+00
   2.0295240e+00
   1.9743460e+00
   2.0138720e+00
   2.0272580e+00
   2.0343700e+00
   2.0038030e+00
   1.9978080e+00
   2.0174250e+00
   1.9819950e+00
   1.9459760e+00
   2.0099620e+00
   1.9903620e+00
   1.9933520e+00
   1.9958330e+00
   2.0040670e+00
   2.0114270e+00
   1.9758260e+00
   1.9923440e+00
   1.9788960e+00
   2.0019840e+00
   1.9748530e+00
   1.9737190e+00
   1.9893100e+00
   2.0002750e+00
   1.9776320e+00
   1.9959910e+00
   1.9888060e+00
   2.0174210e+00
   2.0155570e+00
   2.0292390e+00
   1.9621670e+00
   1.9665130e+00
   2.0461530e+00
   1.9851350e+00
   2.0021220e+00
   2.0147510e+00
   1.9980480e+00
   1.9649950e+00
   1.9983300e+00
   1.9884390e+00
   2.0458670e+00
   2.0385260e+00
   2.0079870e+00
   1.9857610e+00
   2.0024190e+00
   2.0056400e+00
   1.9745900e+00
   2.0218970e+00
   1.9959790e+00
   1.9666340e+00
   1.9765340e+00
   2.0262710e+00
   1.9980930e+00
   2.0340270e+00
   1.9891970e+00
   2.0019890e+00
   1.9508100e+00
   2.0063500e+00
   1.9596200e+00
   1.9752120e+00
   2.0084490e+00
   2.0387680e+00
   1.9962850e+00
   1.9999550e+00
   2.0281890e+00
   2.0038330e+00
   1.9976440e+00
   1.9964680e+00
   1.9833060e+00
   2.0107200e+00
   1.9940870e+00
   2.0027650e+00
   2.0365790e+00
   1.9795000e+00
   1.9869530e+00
   2.0102880e+00
   2.0098280e+00
   2.0058980e+00
   2.0418930e+00
   1.9778760e+00
   1.9944460e+00
   1.9859930e+00
   1.9807380e+00
   1.9909960e+00
   2.0444570e+00
   1.9821330e+00
   2.0100720e+00
   1.9701490e+00
   1.9795970e+00
   2.0210540e+00
   1.9869470e+00
   1.9924680e+00
   1.9862350e+00
   2.0263750e+00
   1.9583180e+00
   2.0052280e+00
   1.9842380e+00
   2.0114870e+00
   1.9617280e+00
   2.0422570e+00
   1.9903790e+00
   2.0479360e+00
   1.9842000e+00
   1.9776840e+00
   2.0070800e+00
   1.9764360e+00
   2.0071110e+00
   2.0103910e+00
   2.0099560e+00
   2.0023360e+00
   1.9989680e+00
   1.9822220e+00
   1.9844340e+00
   2.0380620e+00
   1.9504110e+00
   1.9768890e+00
   2.0072580e+00
   2.0105210e+00
   1.9881810e+00
   2.0066830e+00
   1.9934170e+00
   2.0217840e+00
   2.0094760e+00
   1.9880200e+00
   1.9467780e+00
   2.0097210e+00
   2.0483550e+00
   2.0116940e+00
   1.9929660e+00
   2.0385630e+00
   2.0031660e+00
   2.0405340e+00
   2.0065650e+00
   2.0159450e+00
   2.0388640e+00
   2.0182370e+00
   2.0579390e+00
   1.9711880e+00
   1.9703810e+00
   2.0284840e+00
   1.9885210e+00
   2.0012570e+00
   2.0229270e+00
   2.0068180e+00
   1.9982580e+00
   2.0102520e+00
   1.9763850e+00
   1.9988750e+00
   2.0294260e+00
   2.0080420e+00
   2.0631730e+00
   2.0284700e+00
   2.0410780e+00
   2.0052290e+00
   1.9711180e+00
   1.9842420e+00
   2.0356640e+00
   1.9765040e+00
   2.0209850e+00
   2.0144440e+00
   1.9767360e+00
   2.0228790e+00
   1.9715840e+00
   2.0042500e+00
   1.9792250e+00
   2.0064910e+00
   1.9972000e+00
